contract,config_ID,config_tableName
500001594,fe184c3b-92c4-4bda-a6cf-aec221d7110f,SI
500001795,fe184c3b-92c4-4bda-a6cf-aec221d7110f,SI
500001878,fe184c3b-92c4-4bda-a6cf-aec221d7110f,SI
500002087,fe184c3b-92c4-4bda-a6cf-aec221d7110f,SI
500002086,fe184c3b-92c4-4bda-a6cf-aec221d7110f,SI
500002085,fe184c3b-92c4-4bda-a6cf-aec221d7110f,SI